[4.1779055e-04 6.3463349e-06 6.8832333e-03 ... 2.8442804e-12 5.6967701e-07
 5.6841600e-07][3.0019946e-04 1.2225753e-05 1.2235190e-02 ... 4.5819411e-07 8.1349168e-07
 1.3892731e-06][1.4597559e-03 1.6865346e-03 7.6438938e-03 ... 2.0692819e-07 9.1294487e-07
 5.5028090e-06][1.02519788e-08 1.08447750e-07 3.77068307e-11 ... 9.39632955e-05
 1.16687785e-04 6.60745936e-05][6.8021810e-04 4.3919267e-06 6.9077360e-04 ... 2.4049077e-06 2.3323028e-06
 4.3013326e-08][8.4140925e-07 1.3833707e-08 7.9250145e-07 ... 2.6419870e-05 9.7518578e-06
 4.8836213e-05][1.66180637e-03 1.02375995e-03 5.92679544e-06 ... 1.26739702e-04
 9.89501423e-05 1.02511505e-04][5.0561473e-05 1.0546802e-03 3.2869389e-03 ... 2.6496173e-07 6.2110651e-08
 5.2319120e-07][4.0241753e-04 6.6881184e-04 1.4106224e-03 ... 2.1724527e-07 2.2973363e-07
 1.8067536e-07][1.3535337e-03 6.8655623e-05 4.0529873e-03 ... 3.9222241e-06 1.1153906e-05
 1.0447240e-05][7.0860647e-02 8.9224122e-02 1.0292120e-02 ... 5.2907661e-05 6.4578417e-06
 2.9531827e-06][1.7423657e-03 2.9624557e+00 3.9679205e+00 ... 1.4743597e-05 7.6370952e-06
 4.2188344e-06][6.3000796e-09 1.5596680e-07 2.1401991e-07 ... 3.6651889e-04 9.9199031e-05
 8.4002430e-05][2.8572241e-03 2.5429474e-03 2.3054858e-03 ... 2.6903965e-06 1.2177416e-06
 1.6996352e-06][2.2185663e-02 1.0966741e-02 1.2309717e-02 ... 2.4591063e-06 3.2855485e-06
 5.9414110e-06][9.0265938e-04 3.6891466e-05 3.1025167e-05 ... 8.0531652e-07 5.3538297e-06
 3.9172814e-06][3.4846024e-09 8.3565418e-08 7.6337253e-10 ... 2.8306906e-06 2.7451737e-08
 9.9178601e-07][1.5902747e-03 6.7301923e-01 9.0895730e-01 ... 1.1090871e-06 1.1375118e-06
 0.0000000e+00][7.2024797e-08 1.7490768e-08 3.4954148e-05 ... 5.0805619e-07 1.0513958e-06
 5.5596871e-07][4.8530480e-04 4.0500044e-04 1.4800797e-04 ... 7.6702117e-06 2.0076629e-06
 3.3475940e-06][3.3623524e-05 4.0900122e-05 1.7852502e-04 ... 4.1446975e-07 3.0290257e-06
 3.8374031e-07][6.359742e-02 2.561318e-03 8.448982e-02 ... 9.166851e-07 8.710144e-07
 8.710144e-07][1.1241027e-04 2.0484871e-04 2.9667076e-02 ... 3.3551913e-07 8.0573845e-06
 9.1666961e-06][1.2323587e-06 1.7365289e-07 4.1031818e-08 ... 3.9893202e-06 2.1689177e-06
 1.0233306e-07][2.1590813e-05 3.1626882e-05 3.1480126e-03 ... 1.6618451e-06 2.2008307e-06
 3.3574140e-06][1.2626441e-08 4.9056037e-08 3.6062832e-07 ... 4.2202819e-06 6.1215378e-06
 3.0684600e-06][3.67857901e-05 1.57094299e-04 3.16819324e+01 ... 5.55527367e-05
 4.27631057e-05 1.50445185e-05][1.6961104e-07 2.6393053e-08 1.6692447e-08 ... 8.0611983e-07 1.6256608e-06
 2.8594846e-07][1.36675335e-05 1.20721571e-02 1.23588495e-01 ... 1.19284981e-04
 1.21588171e-04 1.58917846e-05][2.9981089e-09 2.4723431e-07 1.2107537e-07 ... 1.9489053e-06 2.7941155e-06
 4.2521729e-06][0.00000000e+00 0.00000000e+00 0.00000000e+00 ... 2.74066297e-05
 1.01878424e-04 7.56364825e-05][5.7829642e-01 1.4285635e+01 1.4328814e+01 ... 1.2000125e-06 1.6509315e-06
 1.6639268e-06][9.5434958e-04 2.1954051e-04 8.1554390e-02 ... 5.1122987e-07 5.9714785e-06
 6.2061545e-06][6.9099218e-02 9.9792671e-01 7.9461026e-01 ... 5.1739044e-06 1.6391479e-06
 2.6943023e-06][1.5620336e-07 8.7188153e-07 2.0335722e-07 ... 1.2206273e-04 2.5329721e-04
 2.3218282e-04][4.9900059e-08 2.7579770e-06 6.2200697e-06 ... 7.9784204e-06 4.9513046e-06
 3.3724709e-06][8.8811348e-08 2.8876084e-08 6.2970167e-07 ... 2.4984356e-06 3.4870547e-07
 1.2114641e-06][3.1732677e-06 2.7269077e-06 1.8698617e-04 ... 8.8672332e-06 3.6803931e-06
 2.7851438e-06][3.4481056e-07 5.1360622e-08 1.8047574e-07 ... 4.1175801e-07 2.4632882e-06
 1.9564129e-06][1.05255385e-05 1.26275423e-04 1.84812234e-03 ... 1.57346785e-05
 9.90995886e-06 2.79919605e-05][1.7570785e-07 1.1103165e-08 2.4323964e-07 ... 1.6167887e-05 9.9386477e-07
 5.8695804e-07][7.1514449e-07 4.6617179e-06 2.4198629e-08 ... 2.6842368e-05 1.1799523e-05
 1.3355621e-05][1.5258644e-05 2.8729605e-06 1.4135125e-04 ... 4.7668286e-06 6.8561735e-07
 8.8274373e-07][0.0000000e+00 0.0000000e+00 0.0000000e+00 ... 1.7855240e-05 4.1377025e-05
 6.9410147e-05][2.7810430e-07 1.0223683e-04 2.6168900e-05 ... 4.0486080e-05 4.5145782e-05
 2.0835667e-05][1.5321033e-05 4.9337160e-07 2.1945556e-05 ... 2.3330760e-05 6.9807546e-05
 1.6504780e-05][3.5634446e-05 1.5958768e-04 3.8563751e-04 ... 1.3255071e-05 2.5369677e-06
 1.6395758e-06][1.8236202e-06 9.0429999e-08 1.5954121e-05 ... 2.7240247e-05 2.9859044e-05
 4.1154776e-06][0.0000000e+00 0.0000000e+00 0.0000000e+00 ... 9.9149156e-06 4.5875488e-05
 6.5687127e-06][7.4889372e-06 7.4237136e-07 4.7892186e-06 ... 4.0009814e-05 5.5765395e-05
 5.7131965e-05][0.0000000e+00 0.0000000e+00 0.0000000e+00 ... 5.3738342e-05 8.9112291e-05
 4.3945962e-05][2.4152252e-05 2.6641302e-07 5.6388540e-06 ... 3.6332574e-05 9.2563560e-06
 2.3075693e-06][2.1996673e-05 1.9377852e-05 3.5939319e-04 ... 1.0647087e-05 4.9621513e-06
 6.0506645e-06][2.8885510e-05 4.6838986e-04 2.2739265e-07 ... 1.0819717e-05 1.1194237e-05
 2.2932574e-05][0.00000000e+00 0.00000000e+00 1.13292035e-05 ... 7.92447754e-05
 7.51102052e-05 1.50810622e-04][4.76893183e-05 1.08066015e-04 9.49878231e-05 ... 4.46051235e-05
 2.44400399e-05 7.62230993e-05][8.3675422e-02 8.3989990e-01 6.7574792e-02 ... 6.9335256e-06 2.6978435e-06
 1.2502219e-05][4.2125203e-06 5.3620897e-06 1.9649411e-05 ... 1.0094878e-05 3.0076784e-05
 3.4676636e-05][3.0033285e-04 4.7702021e-03 1.3279125e-02 ... 6.8157984e-05 8.6361855e-05
 1.7232627e-05][5.4236398e-06 3.0318666e-05 3.3162869e-05 ... 4.2408697e-05 8.4946914e-06
 1.2733498e-05][3.5781151e-05 9.2805421e-05 2.3572969e-04 ... 2.2308725e-05 2.9479534e-05
 2.8564578e-05][1.1579635e-06 4.1785929e-06 4.0420973e-06 ... 6.2426643e-06 2.1138067e-05
 1.0331163e-05][2.3815328e-05 7.6551969e-06 5.0423864e-06 ... 3.4182311e-05 1.1485455e-05
 3.0519481e-05][2.2908921e-06 1.0890320e-05 9.7706780e-11 ... 1.2198329e-06 4.0968307e-06
 1.8324266e-05][1.3673468e-05 2.0426879e-07 1.4231299e-06 ... 5.6252393e-05 2.3509512e-05
 2.9938392e-05][1.7585902e-06 1.2520957e-06 2.2314585e-05 ... 9.7150423e-06 3.0882242e-05
 2.7999387e-05][4.4110248e-08 1.9443529e-05 1.7680395e-06 ... 6.3134852e-05 1.6931747e-04
 2.3551279e-04][4.6633111e-09 2.6975948e-05 1.1083458e-07 ... 2.0023439e-05 3.7480215e-05
 1.0949696e-05][1.2789216e+01 5.2722058e+00 2.1529814e+01 ... 1.8457829e-05 2.3547978e-05
 2.4183411e-05][8.4723574e-08 1.8532666e-06 7.4785053e-06 ... 3.1104380e-06 1.9069436e-06
 8.4134211e-07][7.5071861e-05 1.4432362e-05 5.6003362e-05 ... 1.6791626e-06 1.0843392e-05
 9.7715374e-06][2.4971661e-07 2.6971733e-07 6.3748917e-06 ... 6.5691347e-05 1.8888260e-05
 2.7865352e-05][1.3954855e-07 1.3471352e-05 7.3715652e-05 ... 3.7706764e-06 5.1514826e-06
 5.5369088e-07][1.5196436e-04 2.9877183e-04 7.7155037e-03 ... 1.1172434e-05 5.2833522e-05
 6.8419911e-05][1.0807039e-05 9.0036247e-07 3.3283985e-05 ... 2.5053765e-05 8.5220207e-05
 1.1711035e-04][4.1007915e-08 4.2081894e-08 5.1503368e-10 ... 3.6818735e-06 2.0286963e-07
 7.3214806e-06][1.0747620e-05 8.5786276e-05 6.6817350e-08 ... 7.4198817e-07 1.1199592e-06
 2.1402416e-06][0.00000000e+00 0.00000000e+00 4.10079165e-10 ... 1.15270126e-07
 0.00000000e+00 0.00000000e+00][3.2915406e-07 1.1333357e-05 1.7022361e-05 ... 5.2196359e-05 1.6750149e-05
 4.6657840e-07][5.9237287e-10 1.1728862e-05 9.5300184e-06 ... 1.1167589e-05 5.7069010e-06
 7.3843021e-06][9.0167177e-08 3.6781759e-05 5.1591201e-06 ... 2.6800806e-06 9.6381518e-07
 1.7128591e-06][1.94184158e-05 1.15006162e-06 2.70822384e-05 ... 1.19170772e-05
 1.41633245e-05 2.83350928e-05][1.9244476e-07 1.5619548e-06 7.0735423e-06 ... 8.7938832e-05 5.2577485e-05
 1.0608861e-06][6.2964118e-01 6.1823449e+00 4.6366259e-01 ... 4.0590817e-06 2.4419890e-06
 6.7046517e-06][6.2920073e-08 1.8017308e-06 4.2064544e-06 ... 4.4954104e-05 9.9098732e-05
 6.6832021e-05][2.8034763e-09 2.2182019e-05 2.1907888e-05 ... 4.5742348e-05 2.1803466e-05
 1.4776803e-05]